32.951045989990234
20.81220817565918
17.098344802856445
2.5195858478546143
14.92840003967285
8.624567031860352
7.537684440612793
20.754962921142578
16.162694931030273
15.782787322998047
7.999946117401123
113.750244140625
83.4781723022461
100.23493957519531
40.675682067871094
96.89781188964844
4.623103141784668
83.20980834960938
4.835633277893066
6.113383769989014
69.1987075805664
53.08966064453125
137.99929809570312
64.25634002685547
38.511722564697266
11.896522521972656
9.216463088989258
306.00787353515625
60.73539352416992
3.9917385578155518
31.860074996948242
9.808178901672363
40.209815979003906
21.784326553344727
132.40138244628906
11.9833984375
5.946961402893066
20.011381149291992
38.58549499511719
18.54043960571289
11.926185607910156
34.75236511230469
10.707376480102539
7.926344871520996
128.3458862304687
16.474620819091797
35.69416809082031
25.49863624572754
8.049249649047852
9.71944808959961
40.81170654296875
344.1596984863281
541.2886962890625
217.94627380371094
368.23712158203125
162.8218231201172
30.54276466369629
148.1195831298828
137.67872619628906
192.19586181640625
20.519855499267578
283.5687255859375
72.87239074707031
258.85516357421875
23.024322509765625
19.32598114013672
888.5888671875
911.0742797851562
18.91567611694336
517.76171875
372.8622131347656
154.6925811767578
257.8907775878906
698.444091796875
78.53321075439453
491.37176513671875
29.80130958557129
95.75308990478516
35.21104049682617
278.81134033203125
426.2695617675781
415.9515380859375
644.0498657226562
377.4097900390625
426.57220458984375
1690.641357421875
913.089599609375
29.12961769104004
702.3797607421875
992.015869140625
35.6368293762207
326.4681701660156
1413.8629150390625
116.33816528320312
38.151763916015625
292.3775634765625
32.51862335205078
79.4022216796875
573.99755859375
32.00743103027344