-1.7064441545591513 -1.5687159724931257 0.8286059022152199 0.5455447692595197
1.280163698165016 3.0688100492173085 1.7343672184816203 2.8324727226230175
-0.5580530317086013 0.2675130268726045 0.5278291315165915 2.168223160724975
0.06659705125816928 -0.2948769213568986 -1.0910499028096892 -0.713729786327532
-2.046733776968037 0.3336340372455633 0.2344201215802908 -0.902150436185226
3.0301056979899075 0.7430520510460044 0.6093206994239158 -0.14852055852112378
-1.4687062979302457 -0.7636940997920304 -1.0884181209033086 -0.8273292838720561
-0.007932071381569594 -0.29801398800110723 -0.5213933524964727 -0.9931064164445651
-0.060022928727412106 -2.2448164829393233 0.27885641845620657 -0.24745300956714167
-0.37820237128872247 -1.893480553245072 0.11146793789837894 0.8417721300037617
-1.2824691583901249 -2.35193995848919 -3.2306810015059333 -0.5250436858745597
-1.5527087090879994 -1.4269234013362082 -2.096573300063623 -2.753106930849741
-0.6682415567621334 -0.21504762765099028 -1.6390581738851617 -1.7683950304425222
-1.8660170558918057 0.913190680804213 -0.8371953515657218 0.13080226176980114
3.7018469079898617 0.03669091683445713 2.762751616947305 2.6930908299826903
1.8920988580672387 0.3831091379294238 1.5623115211208412 2.9928292637440608
