0.41230144261782037 0.6584413458463079 0.5255102990941803 -0.8204578804299921
-1.4757698688760919 1.0693102724144026 -0.35798755146121664 -0.33900977635437135
-0.008929828149418574 1.4981190979739667 -0.21986751782163286 0.1316401504491775
-0.35021892228223267 0.33333594266653815 1.9264685013353033 1.3443749892497043
1.2980556453312482 -2.4282759188801046 -0.4558513542562099 0.9358488282857649
-1.6072913155847128 -0.3828333933874513 -1.4810617860893593 0.09401890576175509
0.6735133189354658 -1.219618503690231 -0.3916586272769753 0.7431232954152167
2.1508339787522943 0.17098892256869314 0.318289593297673 0.3238882736310243
1.509645804158059 -1.5583114092026182 0.900134432940336 0.15194406267278435
0.5864776602435415 -0.20268716318317215 -1.666890646825992 -0.5020722832428276
-0.37925238281999796 1.36873339677502 1.1477487511610411 -0.4411062387243353
-1.0645734849513375 -2.780292076250827 -0.30223055483790984 -1.8052971126745476
0.006054487276779077 0.8553192920086261 -2.4853984128557265 -0.19986595483601177
-1.1120191851610504 -1.494762171412521 -1.0690231287737149 -1.7048928799666225
0.442622330708605 -0.07699423107805743 0.006620668324961752 0.1663124852845244
-0.5291208876626025 0.6157518574601573 0.6446337752553193 -0.45852392843873346
