"outer": [
        [13, 0],
        [2, 0],
        [0, 2],
        [0, 3],
        [2, 5],
        [9, 5],
        [9, 6],
        [2, 6],
        [0, 8],
        [0, 9],
        [2, 11],
        [13, 11],
        [15, 9],
        [15, 2]
    ],
    "inner": [
        [12, 2],
        [3, 2],
        [3, 3],
        [10, 3],
        [12, 5],
        [12, 6],
        [10, 8],
        [3, 8],
        [3, 9],
        [12, 9],
        [13, 8],
        [13, 3]
    ],
    "skeleton": [
        [10, 1],
        [2.5, 1],
        [1.5, 2.5],
        [2.5, 4],
        [9.5, 4],
        [10.5, 5.5],
        [9.5, 7],
        [2.5, 7],
        [1.5, 8.5],
        [2.5, 10],
        [12.5, 10],
        [14, 8.5],
        [14, 2.5],
        [12.5, 1]
    ],
    "checkpoints": [
        [
            [8, 0],
            [8, 2]
        ],
        [
            [9, 5.5],
            [12, 5.5]
        ],
        [
            [8, 11],
            [8, 9]
        ],
        [
            [12.5, 8.5],
            [14, 10]
        ],
        [
            [12.5, 2.5],
            [14, 1]
        ]
    ],
    "startingPoint": [10, 1]
}