[[18,3],
[8,3],
[5,4],
[3,6],
[2,9],
[2,12],
[3,14],
[4,14],
[6,12],
[7,8],
[8,7],
[12,6],
[16,6],
[19,9],
[20,11],
[16,13],
[13,12],
[12,14],
[13,15],
[17,16],
[20,15],
[22,13],
[23,8],
[21,5]]

[[18,0],
[8,0],
[2,3],
[0,9],
[0,14],
[2,16],
[5,16],
[8,12],
[9,9],
[12,8],
[15,8],
[17,10],
[16,11],
[12,10],
[11,11],
[10,13],
[10,15],
[12,17],
[17,17],
[20,16],
[23,14],
[25,8],
[23,4]]

[[[10,-1],[10,4]],
[[4,1],[6,4]],
[[0,6],[3,7]],
[[-1,13],[3,12]],
[[4,13],[7,15]],
[[6,9],[10,11]],
[[11,5],[12,9]],
[[15,10],[18,7]],
[[15,10],[14,13]],
[[9,14],[13,13]],
[[15,17],[16,15]],
[[21,12],[24,15]],
[[22,8],[25,6]],
[[19,5],[20,1]],
[[15,-1],[15,4]]]